1746910033945 0.004551661356395084 10
1746910172509 0.004551661356395084 10
1746910186531 0.009103322712790168 20
1746910324221 0.009103322712790168 20
1746910338278 0.013654984069185253 30
1746910476586 0.013654984069185253 30
1746910490618 0.018206645425580335 40
1746910629090 0.018206645425580335 40
1746910643702 0.02275830678197542 50
1746910781993 0.02275830678197542 50
1746910796159 0.027309968138370506 60
1746910934747 0.027309968138370506 60
1746910949437 0.03186162949476559 70
1746911088696 0.03186162949476559 70
1746911103114 0.03641329085116067 80
1746911242126 0.03641329085116067 80
1746911255964 0.040964952207555756 90
1746911394707 0.040964952207555756 90
1746911409153 0.04551661356395084 100
1746911548070 0.04551661356395084 100
1746911549024 0.04551661356395084 100
