1746947756669 0.02865329512893983 10
1746947778283 0.02865329512893983 10
1746947792702 0.05730659025787966 20
1746947814003 0.05730659025787966 20
1746947828146 0.08595988538681948 30
1746947849423 0.08595988538681948 30
1746947863637 0.11461318051575932 40
1746947884927 0.11461318051575932 40
1746947899496 0.14326647564469913 50
1746947920790 0.14326647564469913 50
1746947934982 0.17191977077363896 60
1746947956473 0.17191977077363896 60
1746947970682 0.20057306590257878 70
1746947991931 0.20057306590257878 70
1746948006001 0.22922636103151864 80
1746948027248 0.22922636103151864 80
1746948041400 0.25787965616045844 90
1746948062646 0.25787965616045844 90
1746948076739 0.28653295128939826 100
1746948097984 0.28653295128939826 100
1746948098501 0.28653295128939826 100
