1746905077105 0.011325028312570781 10
1746905139678 0.011325028312570781 10
1746905153762 0.022650056625141562 20
1746905216264 0.022650056625141562 20
1746905230217 0.03397508493771234 30
1746905292325 0.03397508493771234 30
1746905306386 0.045300113250283124 40
1746905368471 0.045300113250283124 40
1746905382613 0.056625141562853906 50
1746905444827 0.056625141562853906 50
1746905459105 0.06795016987542468 60
1746905521549 0.06795016987542468 60
1746905535770 0.07927519818799547 70
1746905598387 0.07927519818799547 70
1746905612335 0.09060022650056625 80
1746905674382 0.09060022650056625 80
1746905688236 0.10192525481313704 90
1746905750227 0.10192525481313704 90
1746905764042 0.11325028312570781 100
1746905826046 0.11325028312570781 100
1746905826971 0.11325028312570781 100
