1746952213756 0.02865329512893983 10
1746952235123 0.02865329512893983 10
1746952249447 0.05730659025787966 20
1746952270740 0.05730659025787966 20
1746952285126 0.08595988538681948 30
1746952306322 0.08595988538681948 30
1746952320381 0.11461318051575932 40
1746952341531 0.11461318051575932 40
1746952355468 0.14326647564469913 50
1746952376645 0.14326647564469913 50
1746952390623 0.17191977077363896 60
1746952411815 0.17191977077363896 60
1746952426021 0.20057306590257878 70
1746952447198 0.20057306590257878 70
1746952461126 0.22922636103151864 80
1746952482294 0.22922636103151864 80
1746952496209 0.25787965616045844 90
1746952517359 0.25787965616045844 90
1746952531314 0.28653295128939826 100
1746952552571 0.28653295128939826 100
1746952553126 0.28653295128939826 100
