1746993274688 0.004531037607612143 10
1746993413816 0.004531037607612143 10
1746993428748 0.009062075215224286 20
1746993567115 0.009062075215224286 20
1746993582697 0.01359311282283643 30
1746993721696 0.01359311282283643 30
1746993735868 0.01812415043044857 40
1746993873741 0.01812415043044857 40
1746993887982 0.022655188038060717 50
1746994027810 0.022655188038060717 50
1746994042289 0.02718622564567286 60
1746994181796 0.02718622564567286 60
1746994196445 0.031717263253285 70
1746994335489 0.031717263253285 70
1746994349902 0.03624830086089714 80
1746994488981 0.03624830086089714 80
1746994503322 0.040779338468509285 90
1746994641965 0.040779338468509285 90
1746994656312 0.045310376076121435 100
1746994794554 0.045310376076121435 100
1746994803946 0.045310376076121435 100
