1746989289428 0.01001001001001001 10
1746989352461 0.01001001001001001 10
1746989367337 0.02002002002002002 20
1746989430196 0.02002002002002002 20
1746989444461 0.03003003003003003 30
1746989507344 0.03003003003003003 30
1746989521579 0.04004004004004004 40
1746989584530 0.04004004004004004 40
1746989941964 0.05005005005005005 50
1746991983407 0.05005005005005005 50
1746992007174 0.06006006006006006 60
1746992939299 0.06006006006006006 60
1746992953691 0.07007007007007007 70
1746993017082 0.07007007007007007 70
1746993031653 0.08008008008008008 80
1746993095370 0.08008008008008008 80
1746993110039 0.09009009009009009 90
1746993173895 0.09009009009009009 90
1746993188524 0.1001001001001001 100
1746993252135 0.1001001001001001 100
1746993252934 0.1001001001001001 100
