1746953438430 0.016339869281045753 10
1746953476377 0.016339869281045753 10
1746953490401 0.032679738562091505 20
1746953528300 0.032679738562091505 20
1746953542322 0.049019607843137254 30
1746953580305 0.049019607843137254 30
1746953594309 0.06535947712418301 40
1746953632205 0.06535947712418301 40
1746953646193 0.08169934640522876 50
1746953684084 0.08169934640522876 50
1746953698078 0.09803921568627451 60
1746953735965 0.09803921568627451 60
1746953750863 0.11437908496732026 70
1746953788781 0.11437908496732026 70
1746953802747 0.13071895424836602 80
1746953840779 0.13071895424836602 80
1746953854947 0.14705882352941177 90
1746953892831 0.14705882352941177 90
1746953906855 0.16339869281045752 100
1746953944732 0.16339869281045752 100
1746953945275 0.16339869281045752 100
