1746916202645 0.013755158184319119 10
1746916248220 0.013755158184319119 10
1746916262500 0.027510316368638238 20
1746916308011 0.027510316368638238 20
1746916322351 0.04126547455295736 30
1746916367851 0.04126547455295736 30
1746916382616 0.055020632737276476 40
1746916428081 0.055020632737276476 40
1746916442629 0.0687757909215956 50
1746916488051 0.0687757909215956 50
1746916502673 0.08253094910591471 60
1746916548099 0.08253094910591471 60
1746916562315 0.09628610729023383 70
1746916607698 0.09628610729023383 70
1746916622319 0.11004126547455295 80
1746916667716 0.11004126547455295 80
1746916681954 0.12379642365887207 90
1746916727347 0.12379642365887207 90
1746916741994 0.1375515818431912 100
1746916787402 0.1375515818431912 100
