1746988679260 0.01358695652173913 10
1746988725664 0.01358695652173913 10
1746988739925 0.02717391304347826 20
1746988786089 0.02717391304347826 20
1746988800315 0.04076086956521739 30
1746988846496 0.04076086956521739 30
1746988860883 0.05434782608695652 40
1746988906906 0.05434782608695652 40
1746988921037 0.06793478260869565 50
1746988967938 0.06793478260869565 50
1746988982745 0.08152173913043478 60
1746989028800 0.08152173913043478 60
1746989043006 0.09510869565217392 70
1746989089032 0.09510869565217392 70
1746989103211 0.10869565217391304 80
1746989149241 0.10869565217391304 80
1746989163456 0.12228260869565218 90
1746989209490 0.12228260869565218 90
1746989223688 0.1358695652173913 100
1746989269709 0.1358695652173913 100
1746989270257 0.1358695652173913 100
