1746873735385 0.015455950540958269 10
1746873781072 0.015455950540958269 10
1746873794548 0.030911901081916538 20
1746873840567 0.030911901081916538 20
1746873854216 0.04636785162287481 30
1746873899783 0.04636785162287481 30
1746873913530 0.061823802163833076 40
1746873958990 0.061823802163833076 40
1746873972591 0.07727975270479134 50
1746874018305 0.07727975270479134 50
1746874032216 0.09273570324574962 60
1746874077665 0.09273570324574962 60
1746874090984 0.10819165378670788 70
1746874136365 0.10819165378670788 70
1746874149883 0.12364760432766615 80
1746874195262 0.12364760432766615 80
1746874208956 0.1391035548686244 90
1746874254545 0.1391035548686244 90
1746874268078 0.1545595054095827 100
1746874313604 0.1545595054095827 100
1746874314114 0.1545595054095827 100
